176217
178988
208074
213987
236158
6
181472
15479
227016
242027
23044
240512
191482
17609
181100
10105
177221
191745
227049
220571
178779
177188
176064
178213
186999
198797
227465
205037
1984
185124
195998
239754
199733
262779
218063
204271
10105
195342
178988
191482
176262
5648
182825
23044
17609
176064
204271
186999
215007
2739
178779
220220
178576
183394
211923
194569
220996
209956
20458
28748
218063
183458
177221
177345
181100
223826
176217
224820
181472
229437
223191
178556
212421
13968
210178
201445
227016
177684
229681
235242
32977
15479
194625
179931
189339
221228
183314
207618
16095
10353
106
1365
186083
213987
208074
1984
220571
176051
198316
14141
185637
203622
184031
201364
6
183125
32793
199793
198797
246094
208196
211549
182013
200452
236197
221753
242887
193715
245150
10162
184217
235436
232
182771
224459
185343
230815
182273
16781
178213
211218
205037
236727
232223
179763
190461
16416
9784
240146
208926
208915
240512
179402
243667
213498
184435
218779
236158
233741
205238
15146
216352
192258
268921
177188
186752
194374
263587
180092
234217
267557
208243
222542
218094
182935
13597
194908
242027
245626
182162
196740
207445
6520
252985
16574
200400
261892
242488
195998
2
243073
224866
179846
221908
263223
209435
235706
177722
13336
239393
191211
33274
189882
259656
193683
216198
6117
238074
243273
218560
254190
189819
232848
261782
246422
178188
188116
217849
243600
272035
192530
266919
225982
225758
195080
222188
184894
11515
19815
177993
7161
243686
223020
200092
230513
265039
236181
177613
13996
189348
241790
217579
178897
199733
205020
256109
